269974746
428671028
493664693
493664696
353677906
564113728
260751342
475393051
345104743
493664698
612407559
365189268
353677904
356874555
356874553
377648673
309256318
327397101
309256316
294719896
294997838
294719894
377648669
377648671
565672496
358364704
1028943421
358364708
672231719
358364712
922080819
1032140164
1009114278
823154152
590633323
1029063520
302140574
449082926
444242623
374706260
407355013
743782004
743782000
743781996
743781994
743781990
571331024
443496465
48474218
88770799
